{
  "_wandb": {
    "runtime": 67
  },
  "forward_nfe": 794,
  "train_mean": 0.9963369963369964,
  "test_mean": 0.7192982456140351,
  "test_acc": 0.6885964912280702,
  "loss": 0.02835589274764061,
  "backward_nfe": 0,
  "epoch_step": 0,
  "_timestamp": 1724034996.2963092,
  "val_mean": 0.700960219478738,
  "_runtime": 67.144602351,
  "val_acc": 0.6831275720164609,
  "_step": 199,
  "train_acc": 0.9908424908424909
}