{
  "loss": 0.24879196286201477,
  "forward_nfe": 14292,
  "backward_nfe": 0,
  "train_acc": 0.9513422818791947,
  "val_acc": 0.8693467336683417,
  "test_acc": 0.8611670020120724,
  "epoch_step": 0,
  "_timestamp": 1725134964.2804193,
  "_runtime": 47.53606939315796,
  "_step": 199,
  "test_mean": 0.8933601609657947,
  "val_mean": 0.8982412060301508,
  "train_mean": 0.950503355704698,
  "_wandb": {
    "runtime": 46
  }
}