{
  "val_acc": 0.3774671052631579,
  "loss": 1.3818089962005615,
  "forward_nfe": 397,
  "_timestamp": 1724429475.037364,
  "_runtime": 76.424665526,
  "_wandb": {
    "runtime": 77
  },
  "test_acc": 0.3756578947368421,
  "val_mean": 0.39226973684210525,
  "test_mean": 0.39473684210526316,
  "epoch_step": 0,
  "_step": 199,
  "train_acc": 0.4290021929824561,
  "train_mean": 0.4303728070175439,
  "backward_nfe": 0
}