{
  "loss": 0.14923220872879028,
  "forward_nfe": 794,
  "backward_nfe": 0,
  "train_acc": 0.9468456092148367,
  "val_acc": 0.8952456418383519,
  "test_acc": 0.8980730223123732,
  "epoch_step": 0,
  "_timestamp": 1725479728.512088,
  "_runtime": 17.942872047424316,
  "_step": 199,
  "test_mean": 0.9099898580121704,
  "val_mean": 0.9072900158478605,
  "train_mean": 0.9545598647363416,
  "_wandb": {
    "runtime": 16
  }
}