{
  "loss": 0.056358326226472855,
  "forward_nfe": 1985,
  "backward_nfe": 0,
  "train_acc": 0.9867788461538461,
  "val_acc": 0.5871394230769231,
  "test_acc": 0.6186359269932757,
  "epoch_step": 0,
  "_timestamp": 1725345453.6456685,
  "_runtime": 82.48354053497314,
  "_step": 199,
  "test_mean": 0.6186359269932757,
  "val_mean": 0.5871394230769231,
  "train_mean": 0.9867788461538461,
  "_wandb": {
    "runtime": 83
  }
}