{
  "loss": 0.0016986621776595712,
  "forward_nfe": 1191,
  "backward_nfe": 0,
  "train_acc": 1,
  "val_acc": 0.6949152542372882,
  "test_acc": 0.8108108108108109,
  "epoch_step": 0,
  "_timestamp": 1725857470.498025,
  "_runtime": 16.595070838928223,
  "_step": 199,
  "test_mean": 0.9459459459459459,
  "val_mean": 0.864406779661017,
  "train_mean": 1,
  "_wandb": {
    "runtime": 15
  }
}